[18574.470952] [Project1] 4298 1588158526.956257445 1588158527.912633315
[18576.288465] [Project1] 4299 1588158528.814934035 1588158529.730092191
[18578.123051] [Project1] 4300 1588158530.614013894 1588158531.564707821
[18579.973971] [Project1] 4301 1588158532.454615712 1588158533.415613302
[18581.778678] [Project1] 4302 1588158534.319627160 1588158535.220301081
[18583.638991] [Project1] 4303 1588158536.115009490 1588158537.080618182
[18585.490866] [Project1] 4304 1588158537.976364475 1588158538.932520766
[18587.328863] [Project1] 4305 1588158539.826644166 1588158540.770502893
[18589.218230] [Project1] 4306 1588158541.676332981 1588158542.659883754
[18591.022049] [Project1] 4307 1588158543.517058584 1588158544.463674476
